%YAML:1.0
---
camera_matrix: !!opencv-matrix
   rows: 3
   cols: 3
   dt: d
   data: [ 5.7796298586418175e+02, 0., 6.3046377698225001e+02, 0.,
       5.7682525465509298e+02, 4.8035678166584535e+02, 0., 0., 1. ]
distortion_coefficients: !!opencv-matrix
   rows: 4
   cols: 1
   dt: d
   data: [ -1.2010366614669910e-02, -2.8004875583999504e-02,
       4.0529921402493327e-02, -2.3001774284528365e-02 ]
warpMatrix: !!opencv-matrix
   rows: 3
   cols: 3
   dt: d
   data: [ -3.2267893747577880e-01, -1.2034711342799946e+00,
       7.6895729945548487e+02, -1.4488565844589747e-02,
       -2.4708581101287077e+00, 1.2617587418135688e+03,
       -3.0661355482752497e-05, -2.0782691921566033e-03, 1. ]
Ratio: 8.2999998331069946e-01
yOffset: 662.
scale: 2.2899999618530273e+00
Distance2PointM: 1.
DistanceCarToCalPattern: 1.
# CoordinatesBirdView: [ 5.8379889489151537e-01, 7.9772079363465309e-01 ]
CoordinatesBirdView: [ 5.8379889489151537e-01, 0.8377 ]
#MPerPixelY: 1.3966480037197471e-03
#MPerPixelX: 1.4245014172047377e-03
MPerPixelY: 2.8e-03
MPerPixelX: 2.97e-03
PointsHeight: 2
PointsWidth: 2
ImgSize: [ 640., 480. ]
BirdviewScale: 0.5