%YAML:1.0
camera_matrix: !!opencv-matrix
   rows: 3
   cols: 3
   dt: d
   data: [ 5.3343065017802621e+02, 0., 3.1837723895842129e+02, 0.,
       5.3343892929344190e+02, 2.4025444082382100e+02, 0., 0., 1. ]
distortion_coefficients: !!opencv-matrix
   rows: 5
   cols: 1
   dt: d
   data: [ 9.8954886744288664e-02, -4.4105060964795573e-01,
       5.0760561067087645e-04, 1.0644945657647521e-03,
       4.8842362919528831e-01 ]
warpMatrix: !!opencv-matrix
   rows: 3
   cols: 3
   dt: d
   data: [ -1.1835411086263015e+00, -1.8834614501017140e+00,
       6.9623106761354381e+02, -3.9490684743602733e-03,
       -4.2566191553721371e+00, 1.1073095486505911e+03,
       2.1051189118292436e-06, -5.8977248028246739e-03, 1. ]
Ratio: 5.7286000251770020e-01
yOffset: 400
scale: 1.
CalPoints0: [ 2.2876306152343750e+02, 3.0748202514648438e+02 ]
CalPoints1: [ 4.0839511108398438e+02, 3.0719381713867188e+02 ]
CalPoints2: [ 1.8668544006347656e+02, 3.7228155517578125e+02 ]
CalPoints3: [ 4.5062213134765625e+02, 3.7161514282226562e+02 ]
Distance2PointM: 5.0000000000000003e-02
DistanceCarToCalPattern: 7.7800000000000002e-01
CoordinatesBirdView: [ -4.2748090624809265e-01, 6.7112976312637329e-01 ]
MPerPixel: 1.3358778625954201e-03
PointsHeight: 5
PointsWidth: 8
ImgSize: [ 640, 480 ]
