%YAML:1.0
nmarkers: 12
markersize: 3
marker_0: "010010111"
marker_1: "001100010"
marker_2: "001001111"
marker_3: "110011101"
marker_4: "011001010"
marker_5: "110101111"
marker_6: "000111101"
marker_7: "011101000"
marker_8: "001010101"
marker_9: "010011001"
marker_10: "110011010"
marker_11: "010010100"
