%YAML:1.0
---
sensorCalPoints:
   - { sensorNumber:0, xyd:[ 1.9500000000000001e-01,
       5.0000000000000000e-01, 1.0700000000000000e-01,
       3.1500000000000000e-01, 5.7499999999999996e-01,
       2.4399999999999999e-01 ] }
   - { sensorNumber:1, xyd:[ 8.9999999999999997e-02,
       5.0000000000000000e-01, 4.1000000000000002e-02,
       1.7999999999999999e-01, 6.5000000000000002e-01,
       2.1800000000000000e-01 ] }
   - { sensorNumber:2, xyd:[ 0., 8.0000000000000004e-01,
       3.2500000000000001e-01, 0., 0., -5.0000000000000001e-03 ] }
   - { sensorNumber:3, xyd:[ -8.9999999999999997e-02,
       5.0000000000000000e-01, 4.1000000000000002e-02,
       -1.7999999999999999e-01, 6.5000000000000002e-01,
       2.1800000000000000e-01 ] }
   - { sensorNumber:4, xyd:[ -1.9500000000000001e-01,
       5.0000000000000000e-01, 1.0700000000000000e-01,
       -3.1500000000000000e-01, 5.7499999999999996e-01,
       2.4399999999999999e-01 ] }
   - { sensorNumber:5, xyd:[ -2.5000000000000000e-01,
       2.6500000000000001e-01, 1.6000000000000000e-01, 0., 0.,
       -5.0000000000000001e-03 ] }
   - { sensorNumber:6, xyd:[ -1.7000000000000001e-01,
       -1.9000000000000000e-01, 1.1000000000000000e-01,
       -2.1600000000000000e-01, -2.6500000000000001e-01,
       1.9999999999999998e-01 ] }
   - { sensorNumber:7, xyd:[ 0., -1.9000000000000000e-01,
       8.0000000000000002e-02, 0., 0., -5.0000000000000001e-03 ] }
   - { sensorNumber:8, xyd:[ 1.7000000000000001e-01,
       -1.9000000000000000e-01, 1.1000000000000000e-01,
       2.1600000000000000e-01, -2.6500000000000001e-01,
       1.9999999999999998e-01 ] }
   - { sensorNumber:9, xyd:[ 2.5000000000000000e-01,
       2.6500000000000001e-01, 1.6000000000000000e-01, 0., 0.,
       -5.0000000000000001e-03 ] }
