%YAML:1.0
---
camera_matrix: !!opencv-matrix
   rows: 3
   cols: 3
   dt: d
   data: [ 5.7796298586418175e+02, 0., 6.3046377698225001e+02, 0.,
       5.7682525465509298e+02, 4.8035678166584535e+02, 0., 0., 1. ]
distortion_coefficients: !!opencv-matrix
   rows: 4
   cols: 1
   dt: d
   data: [ -1.2010366614669910e-02, -2.8004875583999504e-02,
       4.0529921402493327e-02, -2.3001774284528365e-02 ]
warpMatrix: !!opencv-matrix
   rows: 3
   cols: 3
   dt: d
   data: [ -3.2720242995068272e-01, -1.1923440013712554e+00,
       7.7364344009075000e+02, 2.4203353880214065e-02,
       -2.4430682986660148e+00, 1.2506733234026981e+03,
       2.0358973987325634e-05, -2.1111231385295523e-03, 1. ]
Ratio: 8.9999997615814209e-01
yOffset: 660.
scale: 2.
Distance2PointM: 2.
DistanceCarToCalPattern: 1.
#CoordinatesBirdView: [ 5.7264957483857870e-01, 7.9999999143183231e-01 ] # Original Alpacacino

# CoordinatesBirdView: [ 0.75, 0.73 ] # Tweaked from Alpacapone
#CoordinatesBirdView: [ 0.75, 0.799 ] # Tweaked from Alpacapone
CoordinatesBirdView: [ 0.55, 0.77 ] # Tweaked from Alpacapone
# CoordinatesBirdView: [ 0.75, 0.77 ] # Tweaked from Alpacapone

MPerPixelY: 2.8485014172047377e-03
MPerPixelX: 2.8565714132711291e-03
PointsHeight: 2
PointsWidth: 2
ImgSize: [ 640., 480. ]
BirdviewScale: 0.5
