%YAML:1.0
camera_matrix: !!opencv-matrix
   rows: 3
   cols: 3
   dt: d
   data: [ 5.4904523312428262e+02, 0., 3.1731049309095800e+02, 0.,
       5.4677765471469127e+02, 2.3946478477850306e+02, 0., 0., 1. ]
distortion_coefficients: !!opencv-matrix
   rows: 5
   cols: 1
   dt: d
   data: [ 6.8142604254491923e-02, -3.3222672584806323e-01,
       -2.1652383913948405e-03, 7.1880833138178203e-03,
       5.2228365792503884e-01 ]
warpMatrix: !!opencv-matrix
   rows: 3
   cols: 3
   dt: d
   data: [ -6.4388165716760959e-01, -2.8593370079471976e+00,
       5.5778560315322488e+02, 1.6774367182233868e-01,
       -5.5564198838788528e+00, 1.0202518426181119e+03,
       2.9384266767063243e-04, -9.1477470914351992e-03, 1. ]
Ratio: 5.7286000251770020e-01
yOffset: 405
scale: 3.7000000000000000e-01
CalPoints0: [ 2.2234242248535156e+02, 2.7997235107421875e+02 ]
CalPoints1: [ 4.7351458740234375e+02, 2.8696594238281250e+02 ]
CalPoints2: [ 1.8271977233886719e+02, 3.3709393310546875e+02 ]
CalPoints3: [ 5.2314544677734375e+02, 3.4605459594726562e+02 ]
Distance2PointM: 5.0000000000000003e-02
DistanceCarToCalPattern: 7.7800000000000002e-01
CoordinatesBirdView: [ -9.0322577953338623e-01, 5.6630647182464600e-01 ]
MPerPixel: 2.8225806451612906e-03
PointsHeight: 5
PointsWidth: 8
ImgSize: [ 640, 480 ]
mCameraPosX: 5.0912284897958064e-02
mCameraPosY: 2.4806102510799721e-01
mCameraPosZ: 2.0026016410310316e-01
mCameraPitch: -2.1678688895200002e-01
mCameraRoll: 1.4880147171684587e-02
mCameraYaw: 3.1074633051480376e+00
