%YAML:1.0
camera_matrix: !!opencv-matrix
   rows: 3
   cols: 3
   dt: d
   data: [ 5.2059400852571480e+02, 0., 3.2645476420283688e+02, 0.,
       5.2141237242946772e+02, 2.3992550916519772e+02, 0., 0., 1. ]
distortion_coefficients: !!opencv-matrix
   rows: 5
   cols: 1
   dt: d
   data: [ 9.8561115744111596e-02, -4.3599513228529491e-01,
       9.3579685751241537e-04, 3.0859727705662594e-03,
       4.6099854600883095e-01 ]
warpMatrix: !!opencv-matrix
   rows: 3
   cols: 3
   dt: d
   data: [ -2.0371579165310072e+00, -8.1628804336846024e+00,
       1.0287019865549671e+03, 2.5804965668412866e-01,
       -1.6130680560239103e+01, 1.8071960192571480e+03,
       2.3780249433571999e-04, -2.5920546156479561e-02, 1. ]
Ratio: 5.7286000251770020e-01
yOffset: 411
scale: 3.7000000000000000e-01
CalPoints0: [ 2.2451739501953125e+02, 2.0593640136718750e+02 ]
CalPoints1: [ 4.7506829833984375e+02, 2.1200346374511719e+02 ]
CalPoints2: [ 1.8692042541503906e+02, 2.6037506103515625e+02 ]
CalPoints3: [ 5.2189990234375000e+02, 2.7017938232421875e+02 ]
Distance2PointM: 5.0000000000000003e-02
DistanceCarToCalPattern: 7.7800000000000002e-01
CoordinatesBirdView: [ -9.1803276538848877e-01, 5.8004915714263916e-01 ]
MPerPixel: 2.8688524590163938e-03
PointsHeight: 5
PointsWidth: 8
ImgSize: [ 640, 480 ]
mCameraPosX: 5.4193093794718461e-03
mCameraPosY: 2.5839405345619498e-01
mCameraPosZ: 2.0295003300181577e-01
mCameraPitch: -3.6303955360214996e-01
mCameraRoll: -4.1990018572490607e-02
mCameraYaw: 3.1296864506073034e+00
