%YAML:1.0
sensorCalPoints:
   - { sensorNumber:0, xyd:[ -7.7500000000000002e-01,
       9.7099999999999997e-01, 8.4999999999999998e-01,
       -5.7199999999999995e-01, 8.1299999999999994e-01,
       5.9999999999999998e-01 ] }
   - { sensorNumber:1, xyd:[ -1.5200000000000000e-01,
       6.4500000000000002e-01, 2.0000000000000001e-01,
       -4.2199999999999999e-01, 1.0990000000000000e+00,
       7.3999999999999999e-01 ] }
   - { sensorNumber:2, xyd:[ 0., 6.3900000000000001e-01,
       2.0999999999999999e-01, 0., 1.0240000000000000e+00,
       5.5000000000000004e-01 ] }
   - { sensorNumber:3, xyd:[ 2.0599999999999999e-01,
       6.9399999999999995e-01, 2.6500000000000001e-01,
       3.1900000000000001e-01, 8.3499999999999996e-01,
       4.5000000000000001e-01 ] }
   - { sensorNumber:4, xyd:[ 2.8299999999999997e-01,
       5.4900000000000004e-01, 2.0999999999999999e-01,
       7.4700000000000000e-01, 8.2799999999999996e-01,
       7.3999999999999999e-01 ] }
   - { sensorNumber:5, xyd:[ 2.6200000000000001e-01,
       1.0500000000000000e-01, 7.8000000000000014e-02, 0., 0.,
       -2.1999999999999999e-02 ] }
   - { sensorNumber:6, xyd:[ 3.4499999999999997e-01,
       -2.2500000000000001e-01, 2.2800000000000001e-01,
       5.4500000000000004e-01, -3.5499999999999998e-01,
       4.8299999999999998e-01 ] }
   - { sensorNumber:7, xyd:[ 0., -3.2900000000000001e-01,
       1.8300000000000000e-01, 0., 0., -2.1999999999999999e-02 ] }
   - { sensorNumber:8, xyd:[ -2.8299999999999997e-01,
       -1.7599999999999999e-01, 1.6300000000000001e-01,
       -5.4600000000000004e-01, -3.2200000000000001e-01,
       4.5299999999999996e-01 ] }
   - { sensorNumber:9, xyd:[ -3.4599999999999997e-01,
       1.0500000000000000e-01, 1.4800000000000002e-01, 0., 0.,
       -2.1999999999999999e-02 ] }
