%YAML:1.0
camera_matrix: !!opencv-matrix
   rows: 3
   cols: 3
   dt: d
   data: [ 5.3343065017802621e+02, 0., 3.1837723895842129e+02, 0.,
       5.3343892929344190e+02, 2.4025444082382100e+02, 0., 0., 1. ]
distortion_coefficients: !!opencv-matrix
   rows: 5
   cols: 1
   dt: d
   data: [ 9.8954886744288664e-02, -4.4105060964795573e-01,
       5.0760561067087645e-04, 1.0644945657647521e-03,
       4.8842362919528831e-01 ]
warpMatrix: !!opencv-matrix
   rows: 3
   cols: 3
   dt: d
   data: [ -3.2818490777436140e+00, -1.0912152958043686e+01,
       1.3701806116617170e+03, 6.0171003881253682e-02,
       -2.5021378665229186e+01, 2.6161960008160945e+03,
       1.2946519409477893e-05, -3.4978525916043668e-02, 1. ]
Ratio: 5.7286000251770020e-01
yOffset: 474
scale: 4.1999999999999998e-01
CalPoints0: [ 2.1020986938476562e+02, 1.9820939636230469e+02 ]
CalPoints1: [ 4.6383230590820312e+02, 1.9944848632812500e+02 ]
CalPoints2: [ 1.7282212829589844e+02, 2.5487408447265625e+02 ]
CalPoints3: [ 5.1165942382812500e+02, 2.5704299926757812e+02 ]
Distance2PointM: 5.0000000000000003e-02
DistanceCarToCalPattern: 7.7800000000000002e-01
CoordinatesBirdView: [ -8.0000001192092896e-01, 7.6300001144409180e-01 ]
MPerPixel: 2.5000000000000001e-03
PointsHeight: 5
PointsWidth: 8
ImgSize: [ 640, 480 ]
mCameraPosX: 1.7267733928823102e-02
mCameraPosY: 2.5636121416025809e-01
mCameraPosZ: 2.0126799201187462e-01
mCameraPitch: -3.9737595623555736e-01
mCameraRoll: -1.0093413681516148e-02
mCameraYaw: 3.1393601944359628e+00
