%YAML:1.0
camera_matrix: !!opencv-matrix
   rows: 3
   cols: 3
   dt: d
   data: [ 5.3343065017802621e+02, 0., 3.1837723895842129e+02, 0.,
       5.3343892929344190e+02, 2.4025444082382100e+02, 0., 0., 1. ]
distortion_coefficients: !!opencv-matrix
   rows: 5
   cols: 1
   dt: d
   data: [ 9.8954886744288664e-02, -4.4105060964795573e-01,
       5.0760561067087645e-04, 1.0644945657647521e-03,
       4.8842362919528831e-01 ]
warpMatrix: !!opencv-matrix
   rows: 3
   cols: 3
   dt: d
   data: [ -2.0527259607441399e+00, -7.6382070377726690e+00,
       9.9144186781515839e+02, -2.2678225701231847e-02,
       -1.6252251290332769e+01, 1.7763922613421025e+03,
       -2.0706743216035157e-04, -2.4270640111555844e-02, 1. ]
Ratio: 5.7286000251770020e-01
yOffset: 462
scale: 3.5999999999999999e-01
CalPoints0: [ 2.2609693908691406e+02, 2.0741819763183594e+02 ]
CalPoints1: [ 4.8013504028320312e+02, 2.0962345886230469e+02 ]
CalPoints2: [ 1.8812648010253906e+02, 2.6355749511718750e+02 ]
CalPoints3: [ 5.2811145019531250e+02, 2.6848178100585938e+02 ]
Distance2PointM: 5.0000000000000003e-02
DistanceCarToCalPattern: 7.7800000000000002e-01
CoordinatesBirdView: [ -9.1803276538848877e-01, 7.2636067867279053e-01 ]
MPerPixel: 2.8688524590163938e-03
PointsHeight: 5
PointsWidth: 8
ImgSize: [ 640, 480 ]
mCameraPosX: 1.0895644268135522e-02
mCameraPosY: 2.5538600434304565e-01
mCameraPosZ: 2.0293585945381346e-01
mCameraPitch: -3.6159022360382470e-01
mCameraRoll: -4.7237462186519655e-02
mCameraYaw: -3.1360645554634496e+00
